/////////////////////////////////blank
[[[255 255 255]
  [255 255 255]
  [255 255 255]
  [255 255 255]
  [255 255 255]
  [255 255 255]
  [255 255 255]
  [255 255 255]]

 [[255 255 255]
  [255 255 255]
  [255 255 255]
  [255 255 255]
  [255 255 255]
  [255 255 255]
  [255 255 255]
  [255 255 255]]

 [[255 255 255]
  [255 255 255]
  [255 255 255]
  [255 255 255]
  [255 255 255]
  [255 255 255]
  [255 255 255]
  [255 255 255]]

 [[255 255 255]
  [255 255 255]
  [255 255 255]
  [255 255 255]
  [255 255 255]
  [255 255 255]
  [255 255 255]
  [255 255 255]]

 [[255 255 255]
  [255 255 255]
  [255 255 255]
  [255 255 255]
  [255 255 255]
  [255 255 255]
  [255 255 255]
  [255 255 255]]

 [[255 255 255]
  [255 255 255]
  [255 255 255]
  [255 255 255]
  [255 255 255]
  [255 255 255]
  [255 255 255]
  [255 255 255]]

 [[255 255 255]
  [255 255 255]
  [255 255 255]
  [255 255 255]
  [255 255 255]
  [255 255 255]
  [255 255 255]
  [255 255 255]]

 [[255 255 255]
  [255 255 255]
  [255 255 255]
  [255 255 255]
  [255 255 255]
  [255 255 255]
  [255 255 255]
  [255 255 255]]]

//////////////////////////////////////////////////////////////////////////////rgb

[[[237  28  36]
  [237  28  36]
  [237  28  36]
  [237  28  36]
  [237  28  36]
  [237  28  36]
  [237  28  36]
  [237  28  36]]

 [[237  28  36]
  [237  28  36]
  [237  28  36]
  [237  28  36]
  [237  28  36]
  [237  28  36]
  [237  28  36]
  [237  28  36]]

 [[255 255 255]
  [255 255 255]
  [255 255 255]
  [255 255 255]
  [255 255 255]
  [255 255 255]
  [255 255 255]
  [255 255 255]]

 [[ 34 177  76]
  [ 34 177  76]
  [ 34 177  76]
  [ 34 177  76]
  [ 34 177  76]
  [ 34 177  76]
  [ 34 177  76]
  [ 34 177  76]]

 [[ 34 177  76]
  [ 34 177  76]
  [ 34 177  76]
  [ 34 177  76]
  [ 34 177  76]
  [ 34 177  76]
  [ 34 177  76]
  [ 34 177  76]]

 [[255 255 255]
  [255 255 255]
  [255 255 255]
  [255 255 255]
  [255 255 255]
  [255 255 255]
  [255 255 255]
  [255 255 255]]

 [[  0 162 232]
  [  0 162 232]
  [  0 162 232]
  [  0 162 232]
  [  0 162 232]
  [  0 162 232]
  [  0 162 232]
  [  0 162 232]]

 [[  0 162 232]
  [  0 162 232]
  [  0 162 232]
  [  0 162 232]
  [  0 162 232]
  [  0 162 232]
  [  0 162 232]
  [  0 162 232]]]
  //////////////////////////////// red dot
  [[[237  28  36]
  [255 255 255]
  [255 255 255]
  [255 255 255]
  [255 255 255]
  [255 255 255]
  [255 255 255]
  [255 255 255]]

 [[255 255 255]
  [255 255 255]
  [255 255 255]
  [255 255 255]
  [255 255 255]
  [255 255 255]
  [255 255 255]
  [255 255 255]]

 [[255 255 255]
  [255 255 255]
  [255 255 255]
  [255 255 255]
  [255 255 255]
  [255 255 255]
  [255 255 255]
  [255 255 255]]

 [[255 255 255]
  [255 255 255]
  [255 255 255]
  [255 255 255]
  [255 255 255]
  [255 255 255]
  [255 255 255]
  [255 255 255]]

 [[255 255 255]
  [255 255 255]
  [255 255 255]
  [255 255 255]
  [255 255 255]
  [255 255 255]
  [255 255 255]
  [255 255 255]]

 [[255 255 255]
  [255 255 255]
  [255 255 255]
  [255 255 255]
  [255 255 255]
  [255 255 255]
  [255 255 255]
  [255 255 255]]

 [[255 255 255]
  [255 255 255]
  [255 255 255]
  [255 255 255]
  [255 255 255]
  [255 255 255]
  [255 255 255]
  [255 255 255]]

 [[255 255 255]
  [255 255 255]
  [255 255 255]
  [255 255 255]
  [255 255 255]
  [255 255 255]
  [255 255 255]
  [255 255 255]]]